&RADTRANS_FORCING_PARAMS
 RT_EDFILE= 13*"                                                                                                                                ",
 RT_ESFILE= 13*"                                                                                                                                ",
 RT_E_MASK="c",
 RT_E_PERIOD= -12.000000000000000     ,
 RT_E_REPCYCLE=  31104000.000000000     ,
 RT_E_STARTTIME=  123456.70000000000     ,
 RT_E_STARTDATE1=0          ,
 RT_E_STARTDATE2=0          ,
 RT_ED_CONST= 13*0.0000000000000000       ,
 RT_ED_EXFREMO_INTERCEPT= 13*0.0000000000000000       ,
 RT_ED_EXFREMO_SLOPE= 13*0.0000000000000000       ,
 RT_INSCAL_ED= 13*1.0000000000000000       ,
 RT_ES_CONST= 13*0.0000000000000000       ,
 RT_ES_EXFREMO_INTERCEPT= 13*0.0000000000000000       ,
 RT_ES_EXFREMO_SLOPE= 13*0.0000000000000000       ,
 RT_INSCAL_ES= 13*1.0000000000000000       ,
 RT_ICEFILE="                                                                                                                                ",
 RT_ICEPERIOD=  86400.000000000000     ,
 RT_ICEREPCYCLE=  31104000.000000000     ,
 RT_ICESTARTTIME=  123456.70000000000     ,
 RT_ICESTARTDATE1=19990101   ,
 RT_ICESTARTDATE2=120000     ,
 RT_ICECONST=  0.0000000000000000     ,
 RT_ICE_EXFREMO_INTERCEPT=  0.0000000000000000     ,
 RT_ICE_EXFREMO_SLOPE=  0.0000000000000000     ,
 RT_ICEMASK="c",
 RT_INSCAL_ICE=  1.0000000000000000     ,
 /
&RADTRANS_PARAMS
 RT_REFRACT_WATER=  1.3410000000000000     ,
 RT_RMUD_MAX=  1.5000000000000000     ,
 RT_WBEDGES=  400.00000000000000     ,  412.50000000000000     ,  437.50000000000000     ,  462.50000000000000     ,  487.50000000000000     ,
   512.50000000000000     ,  537.50000000000000     ,  562.50000000000000     ,  587.50000000000000     ,  612.50000000000000     ,  637.50000000000000     ,
   662.50000000000000     ,  687.50000000000000     ,  700.00000000000000     ,
 RT_WBREFWLS=  400.00000000000000     ,  425.00000000000000     ,  450.00000000000000     ,  475.00000000000000     ,  500.00000000000000     ,
   525.00000000000000     ,  550.00000000000000     ,  575.00000000000000     ,  600.00000000000000     ,  625.00000000000000     ,  650.00000000000000     ,
   675.00000000000000     ,  700.00000000000000     ,
 RT_KMAX=22         ,
 RT_USEMEANCOSSOLZ=T,
 RT_SFCIRRTHRESH=  1.0000000000000000E-004,
 /
&RADTRANS_DEPENDENT
 RT_WBWIDTHS=  12.500000000000000     , 11*25.000000000000000       ,  12.500000000000000     ,
 /
